1 589573.7420 1576465.5945
2 590631.4851 1577604.1181
3 590810.2422 1577783.0357
4 591085.5295 1578091.0355
5 591169.9033 1578181.0576
6 591281.1565 1578290.8332
7 591453.0057 1578420.3129
8 592017.3055 1578776.0185
9 592067.8596 1578804.5994
10 592136.6015 1578832.8372
11 592205.7635 1578849.0835
12 592321.2425 1578874.5043
13 592450.3295 1578890.5455
14 593260.2871 1578887.1425
15 593838.3129 1578895.6611
16 594460.6578 1578901.7652
17 594585.5049 1578905.3385
18 594768.5073 1578917.3405
19 595014.0474 1578911.1696
20 595658.8251 1578928.0707
21 595872.4269 1578960.6383
22 596367.4085 1579053.5223
23 597215.1397 1579147.5362
24 597373.9186 1579190.7480
25 597474.2491 1579231.1131
26 597629.9327 1579319.7205
27 598092.8276 1579620.0756
28 598572.1804 1579937.0354
29 598928.9801 1580129.9490
30 599201.6980 1580296.4873
31 599446.4186 1580441.9352
32 600234.5161 1580939.5493
33 600374.6224 1581004.0004
34 601124.0790 1581214.5217
